958132
958183
958262
958360
959697
961966
964131
965890
967261
968728
970517
972354
974111
975954
977717
979526
981299
983196
985095
986712
988505
990333
992103
993953
995692
997520
999296
1001095
1002907
1005172
1007330
1009090
1010446
1011929
1013718
1015555
1017308
1019157
1020920
1022714
1024500
1026387
1028278
1029899
1031703
1033522
1035295
1037143
1038884
1040721
1042491
1044296
1046102
1048359
1050525
1052257
1053610
1055122
1056899
1058740
1060495
1062320
1064097
1065894
1067693
1069568
1071385
1073081
1074886
1076706
1078482
1080321
1082078
1083895
1085688
1087498
1089299
1091630
1093731
1095545
1096915
1098322
1100101
1101945
1103696
1105523
1107298
1109105
1110882
1112767
1114597
1116284
1118087
1119901
1121681
1123524
1125284
1127101
1128891
1130688
1132489
1134804
1136942
1138733
1140142
1141539
1143322
1145171
1146930
1148764
1150532
1152340
1154097
1156005
1157910
1159513
1161323
1163129
1164910
1166746
1168495
1170316
1172098
1173911
1175697
1177968
1180138
1181896
1183271
1184734
1186518
1188365
1190114
1191965
1193728
1195524
1197297
1199207
1201115
1202718
1204515
1206333
1208105
1209934
1211690
1213501
1215299
1217094
1218905
1221179
1223338
1225115
1226492
1227933
1229722
1231563
1233324
1235163
1236923
1238760
1240500
1242389
1244329
1245930
1247758
1249534
1251301
1253152
1254884
1256715
1258494
1260299
1262103
1264375
1266534
1268301
1269703
1271129
1272921
1274757
1276522
1278353
1280123
1281925
1283693
1285609
1287518
1289111
1290922
1292733
1294502
1296344
1298083
1299921
1301700
1303505
1305304
1307589
1309737
1311519
1312897
1314355
1316120
1317956
1319708
1321555
1323318
1325121
1326899
1328795
1330686
1332312
1334115
1335928
1337702
1339563
1341283
1343116
1344896
1346698
1348500
1350770
1352927
1354676
1356027
1357531
1359302
1361143
1362898
